AAXX0123456785 8 0 0
ABXX0123456785 8 0 0
ACXX0123456785 8 0 0
ADXX0123456785 8 0 0
AEXX0123456785 8 0 0
AFXX0123456785 8 0 0
AGXX0123456785 8 0 0
AHXX0123456785 8 0 0
AIXX0123456785 8 0 0
AJXX0123456785 8 0 0
BAXX0123456785 8 5 0
BAXX0123456785 8 5 0
BAXX0123456785 8 5 0
BAXX0123456785 8 5 0
BAXX0123456785 8 5 0
BAXX0123456785 8 7 0
BAXX0123456785 8 7 0
CAXX0123456785 8 13 0
CAXX0123456785 8 13 0
CAXX0123456785 8 13 0
CAXX0123456785 8 17 0
CAXX0123456785 8 17 0
CAXX0123456785 8 17 0
CAXX0123456785 8 17 0
AAYY0123456787 8 30 0
ABYY0123456787 8 30 0
ACYY0123456788 8 30 0
ADYY0123456788 8 37 0
AEYY0123456788 8 37 0
AFYY0123456789 8 37 0
AGYY0123456789 8 45 0
AHYY0123456781 8 45 0
AIYY01234567811 8 45 0
AJYY0123456722 8 51 0
ZZXX0123456785 9 0 0
ZZXX0123456785 9 0 0
ZZXX0123456785 9 3 0
ZZXX0123456785 9 7 0
ZZXX0123456785 9 17 0
ZZXX0123456785  9 20 0
ZZXX0123456785 9 25 0
ZZXX0123456785 9 31 0 
ZZXX0123456785 9 39 0
ZZXX0123456785 9 43 0