09 22 07 4832FHG 22
19 44 41 1975MVC 10
11 09 38 1256DOE 52
10 32 59 9832JJD 31
12 55 28 8609ZKI 01
13 52 19 4800WKF 14
15 20 20 4342GLA 29
18 43 04 7777BDF 47
10 10 12 9147CKD 56
14 47 42 9856NCF 07
15 15 34 2454CVK 02
12 00 54 0008JDD 30
17 00 19 7668DKV 25
13 22 40 1233SKR 23
14 15 38 1576PCP 51
10 30 24 5496IMR 26
16 35 34 8454GSV 03
17 09 51 9999ASD 24
09 00 38 6547SIK 44
12 56 27 4985WMV 36
09 55 19 2354COE 17
13 40 01 3574DJI 21
11 01 37 9874DBO 12
14 43 26 3328QHG 06
16 26 49 2349FCG 33
11 45 17 3154FQE 27
10 59 04 3154DIE 11
18 22 48 3518POG 05
17 18 52 3947BOF 59
15 42 35 6564SIU 15
10 36 43 6483CRT 35
16 00 21 4875ESP 48
14 22 56 1454FIU 04
11 43 27 5649DGE 20
09 30 26 4669DGB 50
17 57 40 6538WIF 18
13 44 57 1326LVJ 60
14 02 09 9246EHE 57
12 53 23 7645UWU 65
10 33 43 8746EFR 98
09 52 29 2345RFG 87
17 44 00 6578TGR 70
13 12 03 5765WER 66
10 40 50 2345YTR 88
19 22 57 7777TYR 95
18 56 23 8356UOT 86
15 12 10 9326IOP 86
17 25 28 7586UWI 77
16 44 29 2426YTÑ 80
11 55 55 2134WBL 62
12 10 34 7098NKH 79
09 24 23 0000BMD 89
12 43 13 2395AXT 96
17 53 44 1232VPN 78
12 39 32 6726JLT 43
14 13 26 6785UVP 75
19 57 24 7786ÑDM 82
13 48 45 5678WNB 93
17 41 11 2365JKR 73
12 42 07 6546BPO 99
10 58 23 7864TFL 81
11 42 19 5673GOR 96
14 18 29 3096VOR 72
17 27 23 8940UBL 94
19 57 06 1027UBF 82
13 25 46 5406RTT 86
11 54 09 7560OPO 74
09 53 08 9999UOU 92
19 27 00 5940WQE 84
13 13 23 2378ASD 91
12 22 57 8243JFG 85